0.4646429419517517 -0.8695721626281738 -0.16718587279319763 1.4450564833623503e-07 -0.6059122085571289 -0.17453595995903015 -0.7761492133140564 2.900441664621667e-08 0.645737886428833 0.46193215250968933 -0.6079813241958618 5.576081275939941 0.0 0.0 0.0 1.0 1039.2304845413266 0.0 600.0 0.0 1039.2304845413266 600.0 0.0 0.0 1.0 1200 1200
-0.3867013156414032 0.9195929765701294 0.06935954093933105 3.500934653288823e-09 0.08492901921272278 0.11040273308753967 -0.9902517795562744 -4.998312519433057e-08 -0.9182860851287842 -0.3770410418510437 -0.12079303711652756 6.774662494659424 0.0 0.0 0.0 1.0 1039.2304845413266 0.0 600.0 0.0 1039.2304845413266 600.0 0.0 0.0 1.0 1200 1200
-0.38188794255256653 0.921554684638977 0.06999099999666214 -1.860624934124644e-07 0.08492903411388397 0.1104026734828949 -0.9902515411376953 -2.2290370438327045e-08 -0.920298159122467 -0.372220903635025 -0.1204281821846962 6.774661540985107 0.0 0.0 0.0 1.0 1039.2304845413266 0.0 600.0 0.0 1039.2304845413266 600.0 0.0 0.0 1.0 1200 1200
-0.3649594187736511 0.9282209277153015 0.07218610495328903 1.9105202397895482e-07 0.08492904156446457 0.1104026660323143 -0.9902515411376953 -2.769273521607829e-08 -0.9271417260169983 -0.35527095198631287 -0.1191253662109375 6.774661540985107 0.0 0.0 0.0 1.0 1039.2304845413266 0.0 600.0 0.0 1039.2304845413266 600.0 0.0 0.0 1.0 1200 1200
-0.35278818011283875 0.9327969551086426 0.07369169592857361 0.0 0.0825066938996315 0.1094595417380333 -0.9905610680580139 0.0 -0.9320586919784546 -0.3433782160282135 -0.11557801067829132 6.774661540985107 0.0 0.0 0.0 1.0 1039.2304845413266 0.0 600.0 0.0 1039.2304845413266 600.0 0.0 0.0 1.0 1200 1200
-0.34300971031188965 0.9363400936126709 0.07491153478622437 3.781171820094187e-09 0.08250173181295395 0.10947228223085403 -0.990559995174408 -4.999867542210268e-08 -0.9357017874717712 -0.3335913419723511 -0.11479970067739487 6.774661540985107 0.0 0.0 0.0 1.0 1039.2304845413266 0.0 600.0 0.0 1039.2304845413266 600.0 0.0 0.0 1.0 1200 1200
-0.31840115785598755 0.944747805595398 0.07792489975690842 0.0 0.08248975872993469 0.10950428992509842 -0.9905575513839722 0.0 -0.9443601965904236 -0.30896663665771484 -0.1127982810139656 6.774661540985107 0.0 0.0 0.0 1.0 1039.2304845413266 0.0 600.0 0.0 1039.2304845413266 600.0 0.0 0.0 1.0 1200 1200
-0.3109752833843231 0.9471442103385925 0.07881858944892883 0.0 0.08248627930879593 0.10951393842697144 -0.9905567169189453 0.0 -0.9468318819999695 -0.3015372157096863 -0.11218249797821045 6.774661540985107 0.0 0.0 0.0 1.0 1039.2304845413266 0.0 600.0 0.0 1039.2304845413266 600.0 0.0 0.0 1.0 1200 1200
-0.30352067947387695 0.9494950175285339 0.07959207892417908 -4.0174232829315315e-09 0.08003605902194977 0.10864376276731491 -0.9908535480499268 5.0013493790856955e-08 -0.949457585811615 -0.2943742871284485 -0.10896943509578705 6.774661540985107 0.0 0.0 0.0 1.0 1039.2304845413266 0.0 600.0 0.0 1039.2304845413266 600.0 0.0 0.0 1.0 1200 1200
-0.2935327887535095 0.9525647163391113 0.08036909997463226 -4.05664346558865e-09 0.07267002016305923 0.1060643121600151 -0.9917002320289612 5.0056229383699247e-08 -0.9531829357147217 -0.28525614738464355 -0.10035622864961624 6.774661540985107 0.0 0.0 0.0 1.0 1039.2304845413266 0.0 600.0 0.0 1039.2304845413266 600.0 0.0 0.0 1.0 1200 1200
-0.28600019216537476 0.954829752445221 0.08064895123243332 1.9278074603334971e-07 0.06282389909029007 0.10266780108213425 -0.9927297234535217 2.0728695204752512e-08 -0.9561680555343628 -0.27885425090789795 -0.08934912830591202 6.774661540985107 0.0 0.0 0.0 1.0 1039.2304845413266 0.0 600.0 0.0 1039.2304845413266 600.0 0.0 0.0 1.0 1200 1200
-0.27592936158180237 0.9577642679214478 0.08093808591365814 0.0 0.05046665295958519 0.09852723032236099 -0.9938538074493408 0.0 -0.9598522186279297 -0.27014878392219543 -0.07552168518304825 6.774661540985107 0.0 0.0 0.0 1.0 1039.2304845413266 0.0 600.0 0.0 1039.2304845413266 600.0 0.0 0.0 1.0 1200 1200
-0.2480977177619934 0.9653000235557556 0.08150812983512878 -9.74473408632548e-08 0.023052461445331573 0.08999782800674438 -0.9956751465797424 -9.085309393697116e-09 -0.9684607982635498 -0.2451457530260086 -0.04458075761795044 6.774661064147949 0.0 0.0 0.0 1.0 1039.2304845413266 0.0 600.0 0.0 1039.2304845413266 600.0 0.0 0.0 1.0 1200 1200
-0.2302923947572708 0.9696745276451111 0.08183495700359344 -9.788895738438441e-08 0.01044861227273941 0.0865543857216835 -0.996192216873169 -8.737693235616462e-09 -0.9730654358863831 -0.2285604625940323 -0.030064549297094345 6.774661540985107 0.0 0.0 0.0 1.0 1039.2304845413266 0.0 600.0 0.0 1039.2304845413266 600.0 0.0 0.0 1.0 1200 1200
-0.2149580717086792 0.9732167720794678 0.08150091022253036 -5.142214432041214e-10 -0.004676120355725288 0.08242513984441757 -0.9965862035751343 6.2878564577317775e-09 -0.9766122102737427 -0.21460537612438202 -0.013167038559913635 6.774661540985107 0.0 0.0 0.0 1.0 1039.2304845413266 0.0 600.0 0.0 1039.2304845413266 600.0 0.0 0.0 1.0 1200 1200
-0.1764439195394516 0.9810248017311096 0.08036220073699951 -1.0140738249120318e-09 -0.0352180153131485 0.07529887557029724 -0.9965389966964722 1.2575116947743936e-08 -0.9836805462837219 -0.1786634474992752 0.02126375213265419 6.774661540985107 0.0 0.0 0.0 1.0 1039.2304845413266 0.0 600.0 0.0 1039.2304845413266 600.0 0.0 0.0 1.0 1200 1200
-0.15322691202163696 0.984995424747467 0.07941009104251862 0.0 -0.05063675343990326 0.07242722809314728 -0.9960875511169434 0.0 -0.9868929982185364 -0.15664848685264587 0.038779184222221375 6.774661540985107 0.0 0.0 0.0 1.0 1039.2304845413266 0.0 600.0 0.0 1039.2304845413266 600.0 0.0 0.0 1.0 1200 1200
-0.1273699402809143 0.9888578653335571 0.07705335319042206 -3.889280453250876e-09 -0.07369106262922287 0.06803688406944275 -0.9949576258659363 5.0220645420040455e-08 -0.989113986492157 -0.13240589201450348 0.06420411914587021 6.774661540985107 0.0 0.0 0.0 1.0 1039.2304845413266 0.0 600.0 0.0 1039.2304845413266 600.0 0.0 0.0 1.0 1200 1200
-0.070336252450943 0.9949527978897095 0.0715690329670906 0.0 -0.1124827042222023 0.06337831914424896 -0.991630494594574 0.0 -0.9911612868309021 -0.07779789716005325 0.10745721310377121 6.774661540985107 0.0 0.0 0.0 1.0 1039.2304845413266 0.0 600.0 0.0 1039.2304845413266 600.0 0.0 0.0 1.0 1200 1200
-0.04436105862259865 0.9966241121292114 0.06908460706472397 2.166532553360412e-08 -0.12554679811000824 0.06304291635751724 -0.9900828003883362 5.1565642422701785e-08 -0.9910954236984253 -0.05259443819522858 0.1223263144493103 6.774661540985107 0.0 0.0 0.0 1.0 1039.2304845413266 0.0 600.0 0.0 1039.2304845413266 600.0 0.0 0.0 1.0 1200 1200
-0.023645689710974693 0.9975491762161255 0.06585325300693512 2.5175728168846945e-08 -0.14102864265441895 0.061884570866823196 -0.988069474697113 1.5618168980324754e-09 -0.9897231459617615 -0.03265079855918884 0.139219731092453 6.774661540985107 0.0 0.0 0.0 1.0 1039.2304845413266 0.0 600.0 0.0 1039.2304845413266 600.0 0.0 0.0 1.0 1200 1200
-0.008189748972654343 0.9980148077011108 0.06244726851582527 0.0 -0.15640375018119812 0.06040229648351669 -0.9858444929122925 0.0 -0.9876592755317688 -0.017840858548879623 0.15559858083724976 6.774661540985107 0.0 0.0 0.0 1.0 1039.2304845413266 0.0 600.0 0.0 1039.2304845413266 600.0 0.0 0.0 1.0 1200 1200
0.017509331926703453 0.9982357025146484 0.05673879384994507 3.149131622137702e-09 -0.1794603019952774 0.0589635856449604 -0.9819966554641724 1.8601227502745843e-10 -0.9836094379425049 0.007011721841990948 0.18017609417438507 6.774661064147949 0.0 0.0 0.0 1.0 1039.2304845413266 0.0 600.0 0.0 1039.2304845413266 600.0 0.0 0.0 1.0 1200 1200
0.02772998809814453 0.9981527924537659 0.0540587492287159 0.0 -0.18966339528560638 0.05835089832544327 -0.980113685131073 0.0 -0.981457531452179 0.016925573348999023 0.19093114137649536 6.774661540985107 0.0 0.0 0.0 1.0 1039.2304845413266 0.0 600.0 0.0 1039.2304845413266 600.0 0.0 0.0 1.0 1200 1200
0.04294580593705177 0.9978621006011963 0.04926600679755211 -4.9734194540462795e-09 -0.20743437111377716 0.05714275315403938 -0.9765785932540894 9.858592164846414e-08 -0.9773058295249939 0.031720489263534546 0.20944492518901825 6.774661540985107 0.0 0.0 0.0 1.0 1039.2304845413266 0.0 600.0 0.0 1039.2304845413266 600.0 0.0 0.0 1.0 1200 1200
0.047889888286590576 0.9977626204490662 0.04665437340736389 -4.709773904210124e-09 -0.21750570833683014 0.05600407347083092 -0.9744510054588318 9.837114589572593e-08 -0.9748835563659668 0.03651875630021095 0.21970106661319733 6.774661540985107 0.0 0.0 0.0 1.0 1039.2304845413266 0.0 600.0 0.0 1039.2304845413266 600.0 0.0 0.0 1.0 1200 1200
0.05547681450843811 0.997473418712616 0.044377878308296204 4.479961290826395e-09 -0.22510382533073425 0.055796992033720016 -0.9727357029914856 -9.81979866310212e-08 -0.9727542996406555 0.043974630534648895 0.22763055562973022 6.774661540985107 0.0 0.0 0.0 1.0 1039.2304845413266 0.0 600.0 0.0 1039.2304845413266 600.0 0.0 0.0 1.0 1200 1200
0.06792119145393372 0.9969182014465332 0.039257925003767014 2.9122903200118344e-08 -0.2427038848400116 0.0546768456697464 -0.9685583114624023 -9.639636289193731e-08 -0.9677199125289917 0.056257590651512146 0.2456696480512619 6.774661540985107 0.0 0.0 0.0 1.0 1039.2304845413266 0.0 600.0 0.0 1039.2304845413266 600.0 0.0 0.0 1.0 1200 1200
0.07803165167570114 0.9962798953056335 0.03657374158501625 -5.028739025192408e-08 -0.25028809905052185 0.0550876259803772 -0.9666028618812561 -2.7805568958427784e-09 -0.9650217890739441 0.06627167016267776 0.2536555826663971 6.774661540985107 0.0 0.0 0.0 1.0 1039.2304845413266 0.0 600.0 0.0 1039.2304845413266 600.0 0.0 0.0 1.0 1200 1200
0.08276724815368652 0.9960206747055054 0.03305629640817642 5.6948387339161854e-08 -0.2627313733100891 0.053805019706487656 -0.9633675813674927 -1.9178870047653618e-07 -0.9613125920295715 0.07105035334825516 0.2661391794681549 6.774661064147949 0.0 0.0 0.0 1.0 1039.2304845413266 0.0 600.0 0.0 1039.2304845413266 600.0 0.0 0.0 1.0 1200 1200
0.1050969660282135 0.9941456317901611 0.025086384266614914 -5.017966131504181e-08 -0.28518715500831604 0.05429619178175926 -0.9569327235221863 -2.740609073015321e-09 -0.9526925086975098 0.09341640025377274 0.289223849773407 6.774661540985107 0.0 0.0 0.0 1.0 1039.2304845413266 0.0 600.0 0.0 1039.2304845413266 600.0 0.0 0.0 1.0 1200 1200
0.11483528465032578 0.9931685924530029 0.020721981301903725 5.431412120060486e-08 -0.2975558638572693 0.05429216846823692 -0.9531593918800354 -1.897030870168237e-07 -0.9477729797363281 0.10329033434391022 0.3017577528953552 6.774661064147949 0.0 0.0 0.0 1.0 1039.2304845413266 0.0 600.0 0.0 1039.2304845413266 600.0 0.0 0.0 1.0 1200 1200
0.124509796500206 0.9920856356620789 0.016230182722210884 0.0 -0.30986759066581726 0.054418276995420456 -0.9492210149765015 0.0 -0.9425918459892273 0.11315812915563583 0.3141908347606659 6.774661540985107 0.0 0.0 0.0 1.0 1039.2304845413266 0.0 600.0 0.0 1039.2304845413266 600.0 0.0 0.0 1.0 1200 1200
0.1389624923467636 0.990251362323761 0.00959558691829443 -1.9373551651824528e-09 -0.3270093500614166 0.05503115803003311 -0.943417489528656 1.9047659804982686e-07 -0.9347482919692993 0.12796175479888916 0.33146873116493225 6.774661540985107 0.0 0.0 0.0 1.0 1039.2304845413266 0.0 600.0 0.0 1039.2304845413266 600.0 0.0 0.0 1.0 1200 1200
0.1435207575559616 0.9896281957626343 0.006184936501085758 0.0 -0.33672359585762024 0.054708220064640045 -0.9400127530097961 0.0 -0.9306014776229858 0.1328287273645401 0.34108296036720276 6.774661540985107 0.0 0.0 0.0 1.0 1039.2304845413266 0.0 600.0 0.0 1039.2304845413266 600.0 0.0 0.0 1.0 1200 1200
0.14833006262779236 0.9889295697212219 0.004106260370463133 -1.0066181488355141e-07 -0.341581791639328 0.05512983724474907 -0.9382337331771851 1.8386461420050182e-07 -0.9280732870101929 0.13776560127735138 0.34597769379615784 6.774661540985107 0.0 0.0 0.0 1.0 1039.2304845413266 0.0 600.0 0.0 1039.2304845413266 600.0 0.0 0.0 1.0 1200 1200
0.15775659680366516 0.9874778389930725 -0.0008272284758277237 0.0 -0.3536619246006012 0.055717818439006805 -0.9337122440338135 0.0 -0.9219741821289062 0.14759181439876556 0.35802310705184937 6.774661540985107 0.0 0.0 0.0 1.0 1039.2304845413266 0.0 600.0 0.0 1039.2304845413266 600.0 0.0 0.0 1.0 1200 1200
0.1625184267759323 0.9867011904716492 -0.0029867456760257483 0.0 -0.3584775924682617 0.05622380971908569 -0.9318436980247498 0.0 -0.9192833304405212 0.15251246094703674 0.3628477156162262 6.774661540985107 0.0 0.0 0.0 1.0 1039.2304845413266 0.0 600.0 0.0 1039.2304845413266 600.0 0.0 0.0 1.0 1200 1200
0.16726495325565338 0.9858985543251038 -0.005171013996005058 0.0 -0.36327996850013733 0.05675557255744934 -0.9299496412277222 0.0 -0.916542649269104 0.15742647647857666 0.3676503896713257 6.774661540985107 0.0 0.0 0.0 1.0 1039.2304845413266 0.0 600.0 0.0 1039.2304845413266 600.0 0.0 0.0 1.0 1200 1200
0.17671184241771698 0.9842157363891602 -0.009613634087145329 0.0 -0.37284401059150696 0.057896729558706284 -0.9260859489440918 0.0 -0.9109117984771729 0.16723477840423584 0.3771900534629822 6.774661540985107 0.0 0.0 0.0 1.0 1039.2304845413266 0.0 600.0 0.0 1039.2304845413266 600.0 0.0 0.0 1.0 1200 1200
0.1814115345478058 0.9833356738090515 -0.011871736496686935 0.0 -0.37760525941848755 0.05850605666637421 -0.9241166710853577 0.0 -0.9080222249031067 0.17212817072868347 0.38192638754844666 6.774661540985107 0.0 0.0 0.0 1.0 1039.2304845413266 0.0 600.0 0.0 1039.2304845413266 600.0 0.0 0.0 1.0 1200 1200
0.18124209344387054 0.9833579659461975 -0.012599396519362926 0.0 -0.37998032569885254 0.05820583552122116 -0.923161506652832 0.0 -0.90706467628479 0.1721031665802002 0.38420599699020386 6.774661540985107 0.0 0.0 0.0 1.0 1039.2304845413266 0.0 600.0 0.0 1039.2304845413266 600.0 0.0 0.0 1.0 1200 1200
0.18592162430286407 0.9824519157409668 -0.014887144789099693 9.617311036436149e-08 -0.3847220838069916 0.05884746089577675 -0.9211546182632446 -1.8004104163082957e-07 -0.9041140079498291 0.17698991298675537 0.3889119625091553 6.774661540985107 0.0 0.0 0.0 1.0 1039.2304845413266 0.0 600.0 0.0 1039.2304845413266 600.0 0.0 0.0 1.0 1200 1200
0.1882552057504654 0.981989324092865 -0.01604011282324791 0.0 -0.38708749413490295 0.05917790159583092 -0.9201419949531555 0.0 -0.9026201367378235 0.17943039536476135 0.3912563621997833 6.774661540985107 0.0 0.0 0.0 1.0 1039.2304845413266 0.0 600.0 0.0 1039.2304845413266 600.0 0.0 0.0 1.0 1200 1200
0.1880784034729004 0.9820109009742737 -0.01677541248500347 -3.386966485052767e-09 -0.38945239782333374 0.05888761207461357 -0.9191620945930481 -1.8557940961727581e-07 -0.9016393423080444 0.1794077455997467 0.3935220241546631 6.774661064147949 0.0 0.0 0.0 1.0 1039.2304845413266 0.0 600.0 0.0 1039.2304845413266 600.0 0.0 0.0 1.0 1200 1200
0.18790051341056824 0.9820321202278137 -0.017510436475276947 0.0 -0.3918147385120392 0.05859741196036339 -0.9181761741638184 0.0 -0.9006523489952087 0.17938663065433502 0.3957850933074951 6.774661540985107 0.0 0.0 0.0 1.0 1039.2304845413266 0.0 600.0 0.0 1039.2304845413266 600.0 0.0 0.0 1.0 1200 1200
0.19040586054325104 0.9815416932106018 -0.017937110736966133 0.0 -0.3918116092681885 0.05922777205705643 -0.9181370735168457 0.0 -0.9001274704933167 0.18184660375118256 0.39585670828819275 6.774661540985107 0.0 0.0 0.0 1.0 1039.2304845413266 0.0 600.0 0.0 1039.2304845413266 600.0 0.0 0.0 1.0 1200 1200
0.19004471600055695 0.9815836548805237 -0.01941203698515892 9.909118148243579e-08 -0.3965284526348114 0.0586540624499321 -0.9161467552185059 5.9211462399844095e-09 -0.8981360793113708 0.1818062663078308 0.40037277340888977 6.774661064147949 0.0 0.0 0.0 1.0 1039.2304845413266 0.0 600.0 0.0 1039.2304845413266 600.0 0.0 0.0 1.0 1200 1200
0.18967851996421814 0.9816243052482605 -0.020885540172457695 0.0 -0.40123477578163147 0.0580807700753212 -0.9141318798065186 0.0 -0.8961209654808044 0.1817711740732193 0.4048784375190735 6.774661540985107 0.0 0.0 0.0 1.0 1039.2304845413266 0.0 600.0 0.0 1039.2304845413266 600.0 0.0 0.0 1.0 1200 1200
0.18893149495124817 0.9817013144493103 -0.023828232660889626 -1.8858428063595056e-07 -0.41061562299728394 0.05693572014570236 -0.9100292921066284 3.5597568626144493e-07 -0.8920201063156128 0.1817173957824707 0.41385892033576965 6.774662494659424 0.0 0.0 0.0 1.0 1039.2304845413266 0.0 600.0 0.0 1039.2304845413266 600.0 0.0 0.0 1.0 1200 1200
0.18835806846618652 0.9817554354667664 -0.02603137493133545 9.910851872518833e-08 -0.4176226556301117 0.0560782290995121 -0.9068883061408997 5.6611151322272235e-09 -0.8888827562332153 0.1816910207271576 0.4205661714076996 6.774661064147949 0.0 0.0 0.0 1.0 1039.2304845413266 0.0 600.0 0.0 1039.2304845413266 600.0 0.0 0.0 1.0 1200 1200
0.18239206075668335 0.9828057289123535 -0.02874719724059105 5.804077662929785e-09 -0.4292517900466919 0.053289614617824554 -0.9016114473342896 1.820359329940402e-07 -0.8845767974853516 0.17678655683994293 0.431590735912323 6.774661540985107 0.0 0.0 0.0 1.0 1039.2304845413266 0.0 600.0 0.0 1039.2304845413266 600.0 0.0 0.0 1.0 1200 1200
0.17620539665222168 0.9838295578956604 -0.03211308643221855 0.0 -0.4431071877479553 0.05014544725418091 -0.8950650691986084 0.0 -0.8789810538291931 0.1719447672367096 0.4447779059410095 6.774661064147949 0.0 0.0 0.0 1.0 1039.2304845413266 0.0 600.0 0.0 1039.2304845413266 600.0 0.0 0.0 1.0 1200 1200
0.1728956252336502 0.9843366742134094 -0.03447769582271576 0.0 -0.45228391885757446 0.04824890196323395 -0.8905680775642395 0.0 -0.8749551177024841 0.1695690006017685 0.4535415768623352 6.774661540985107 0.0 0.0 0.0 1.0 1039.2304845413266 0.0 600.0 0.0 1039.2304845413266 600.0 0.0 0.0 1.0 1200 1200
0.169782817363739 0.9848199486732483 -0.03610372915863991 -9.941788903233828e-08 -0.4591335356235504 0.04663168266415596 -0.8871424794197083 -4.707483292065717e-09 -0.8719921112060547 0.16719801723957062 0.46008118987083435 6.774661540985107 0.0 0.0 0.0 1.0 1039.2304845413266 0.0 600.0 0.0 1039.2304845413266 600.0 0.0 0.0 1.0 1200 1200
0.16396553814411163 0.9857381582260132 -0.03789035603404045 -7.650087674448969e-09 -0.46821823716163635 0.043959688395261765 -0.8825187087059021 -1.781810965439945e-07 -0.868266761302948 0.1624435931444168 0.4687484800815582 6.774661540985107 0.0 0.0 0.0 1.0 1039.2304845413266 0.0 600.0 0.0 1039.2304845413266 600.0 0.0 0.0 1.0 1200 1200
0.16083939373493195 0.9861915111541748 -0.0394611582159996 7.967233095484971e-09 -0.4749993681907654 0.04229755699634552 -0.8789690136909485 1.7746441471899743e-07 -0.8651626706123352 0.16011683642864227 0.47524353861808777 6.774661540985107 0.0 0.0 0.0 1.0 1039.2304845413266 0.0 600.0 0.0 1039.2304845413266 600.0 0.0 0.0 1.0 1200 1200
0.15792414546012878 0.986627995967865 -0.04031757265329361 9.960040614487298e-08 -0.4795008897781372 0.040930259972810745 -0.8765862584114075 4.131922803907173e-09 -0.8632142543792725 0.1577664315700531 0.4795529246330261 6.774661064147949 0.0 0.0 0.0 1.0 1039.2304845413266 0.0 600.0 0.0 1039.2304845413266 600.0 0.0 0.0 1.0 1200 1200
0.15770743787288666 0.9866340756416321 -0.041010744869709015 0.0 -0.4817507863044739 0.04061916843056679 -0.8753662705421448 0.0 -0.8620002865791321 0.15780870616436005 0.48171767592430115 6.774661540985107 0.0 0.0 0.0 1.0 1039.2304845413266 0.0 600.0 0.0 1039.2304845413266 600.0 0.0 0.0 1.0 1200 1200
0.15522387623786926 0.9870501160621643 -0.04047100618481636 0.0 -0.48174163699150085 0.03986551612615585 -0.8754061460494995 0.0 -0.8624560832977295 0.1553805023431778 0.4816911518573761 6.774661064147949 0.0 0.0 0.0 1.0 1039.2304845413266 0.0 600.0 0.0 1039.2304845413266 600.0 0.0 0.0 1.0 1200 1200
0.15586763620376587 0.9870314002037048 -0.03839918226003647 0.0 -0.47498226165771484 0.040808871388435364 -0.8790486454963684 0.0 -0.8660814762115479 0.15525415539741516 0.4751832187175751 6.774661540985107 0.0 0.0 0.0 1.0 1039.2304845413266 0.0 600.0 0.0 1039.2304845413266 600.0 0.0 0.0 1.0 1200 1200
0.15359129011631012 0.9874348044395447 -0.03718014433979988 9.968186276410052e-08 -0.4727124273777008 0.04038257896900177 -0.8802911043167114 4.07663458545926e-09 -0.8677284717559814 0.15278051793575287 0.47297507524490356 6.774661540985107 0.0 0.0 0.0 1.0 1039.2304845413266 0.0 600.0 0.0 1039.2304845413266 600.0 0.0 0.0 1.0 1200 1200
0.14808179438114166 0.9887847900390625 -0.01940436288714409 3.917753232940413e-09 -0.4198662340641022 0.045090869069099426 -0.9064652323722839 1.8301591353520053e-07 -0.895423948764801 0.14237819612026215 0.4218345284461975 6.774661540985107 0.0 0.0 0.0 1.0 1039.2304845413266 0.0 600.0 0.0 1039.2304845413266 600.0 0.0 0.0 1.0 1200 1200
0.14461423456668854 0.9894109964370728 -0.012361764907836914 0.0 -0.3987685739994049 0.046842027455568314 -0.9158545732498169 0.0 -0.9055774211883545 0.13737502694129944 0.40132004022598267 6.774661540985107 0.0 0.0 0.0 1.0 1039.2304845413266 0.0 600.0 0.0 1039.2304845413266 600.0 0.0 0.0 1.0 1200 1200
0.14860965311527252 0.9888808727264404 0.005486124195158482 0.0 -0.3367544710636139 0.055822283029556274 -0.9399362802505493 0.0 -0.9297911524772644 0.13783614337444305 0.34130579233169556 6.774661540985107 0.0 0.0 0.0 1.0 1039.2304845413266 0.0 600.0 0.0 1039.2304845413266 600.0 0.0 0.0 1.0 1200 1200
0.1618228703737259 0.9865961670875549 0.02101496234536171 -4.242934448228652e-09 -0.2782142460346222 0.06604418158531189 -0.9582457542419434 1.9347044144524261e-07 -0.946789562702179 0.14921939373016357 0.28517261147499084 6.774661540985107 0.0 0.0 0.0 1.0 1039.2304845413266 0.0 600.0 0.0 1039.2304845413266 600.0 0.0 0.0 1.0 1200 1200
0.20901726186275482 0.9767168164253235 0.04833574593067169 -1.034793868370798e-07 -0.17330080270767212 0.08564092218875885 -0.981138288974762 9.040075354960209e-08 -0.9624338150024414 0.19669827818870544 0.1871662735939026 6.774661540985107 0.0 0.0 0.0 1.0 1039.2304845413266 0.0 600.0 0.0 1039.2304845413266 600.0 0.0 0.0 1.0 1200 1200
0.22236165404319763 0.9733901619911194 0.05538066476583481 -5.590695906221299e-09 -0.14794789254665375 0.08983319997787476 -0.984906792640686 9.942665712969756e-08 -0.9636735320091248 0.21081195771694183 0.16398648917675018 6.774661540985107 0.0 0.0 0.0 1.0 1039.2304845413266 0.0 600.0 0.0 1039.2304845413266 600.0 0.0 0.0 1.0 1200 1200
0.25373920798301697 0.9645378589630127 0.07268740981817245 3.66890873237935e-09 -0.08927071839570999 0.0981777235865593 -0.991156816482544 -5.002880243409891e-08 -0.9631445407867432 0.24500645697116852 0.11101653426885605 6.774661540985107 0.0 0.0 0.0 1.0 1039.2304845413266 0.0 600.0 0.0 1039.2304845413266 600.0 0.0 0.0 1.0 1200 1200
0.2639705240726471 0.9614184498786926 0.07742361724376678 0.0 -0.07389633357524872 0.10019335895776749 -0.9922199845314026 0.0 -0.9616959095001221 0.2561955451965332 0.09749341756105423 6.774661540985107 0.0 0.0 0.0 1.0 1039.2304845413266 0.0 600.0 0.0 1039.2304845413266 600.0 0.0 0.0 1.0 1200 1200
0.28921157121658325 0.9532802104949951 0.08725684136152267 1.968721790035488e-07 -0.04308469966053963 0.1040225401520729 -0.9936413168907166 -2.9151983937936166e-08 -0.9562951922416687 0.2836131453514099 0.0711563378572464 6.774661064147949 0.0 0.0 0.0 1.0 1039.2304845413266 0.0 600.0 0.0 1039.2304845413266 600.0 0.0 0.0 1.0 1200 1200
0.3016953468322754 0.9490845799446106 0.09065629541873932 0.0 -0.032789330929517746 0.1053595095872879 -0.9938934445381165 0.0 -0.9528404474258423 0.2968805134296417 0.06290634721517563 6.774661540985107 0.0 0.0 0.0 1.0 1039.2304845413266 0.0 600.0 0.0 1039.2304845413266 600.0 0.0 0.0 1.0 1200 1200
0.3435930609703064 0.9336206912994385 0.1014699935913086 -2.5608570819457555e-09 -0.00188915163744241 0.10873501002788544 -0.99406898021698 2.50878962049228e-08 -0.9391167163848877 0.34136343002319336 0.03912438079714775 6.774661540985107 0.0 0.0 0.0 1.0 1039.2304845413266 0.0 600.0 0.0 1039.2304845413266 600.0 0.0 0.0 1.0 1200 1200
0.3654147684574127 0.9246460199356079 0.10724807530641556 0.0 0.013541803695261478 0.10992307215929031 -0.9938477873802185 0.0 -0.9307465553283691 0.3646189272403717 0.02764616720378399 6.774661540985107 0.0 0.0 0.0 1.0 1039.2304845413266 0.0 600.0 0.0 1039.2304845413266 600.0 0.0 0.0 1.0 1200 1200
0.41504743695259094 0.9012116193771362 0.12471430003643036 0.0 0.05702011287212372 0.11104252189397812 -0.9921785593032837 0.0 -0.9080114364624023 0.4189123213291168 -0.0052992356941103935 6.774661540985107 0.0 0.0 0.0 1.0 1039.2304845413266 0.0 600.0 0.0 1039.2304845413266 600.0 0.0 0.0 1.0 1200 1200
0.43777886033058167 0.8886421918869019 0.1366204023361206 1.7239841776373055e-09 0.08492907136678696 0.1104026511311531 -0.9902516603469849 -1.2495778634047383e-08 -0.8950625061988831 0.44511425495147705 -0.02713957242667675 6.774661540985107 0.0 0.0 0.0 1.0 1039.2304845413266 0.0 600.0 0.0 1039.2304845413266 600.0 0.0 0.0 1.0 1200 1200
0.4489821195602417 0.8821476697921753 0.14223499596118927 0.0 0.09755268692970276 0.10983701050281525 -0.9891507625579834 0.0 -0.8881996870040894 0.457986444234848 -0.0367409884929657 6.774661540985107 0.0 0.0 0.0 1.0 1039.2304845413266 0.0 600.0 0.0 1039.2304845413266 600.0 0.0 0.0 1.0 1200 1200
0.4837628901004791 0.8600711226463318 0.1620231568813324 0.0 0.14011697471141815 0.10662893205881119 -0.9843766689300537 0.0 -0.8639101982116699 0.4989071190357208 -0.06892741471529007 6.774661064147949 0.0 0.0 0.0 1.0 1039.2304845413266 0.0 600.0 0.0 1039.2304845413266 600.0 0.0 0.0 1.0 1200 1200
0.49870437383651733 0.8500487208366394 0.1694447547197342 -8.552751395995983e-09 0.15496113896369934 0.10490196943283081 -0.9823352694511414 4.9583530170593804e-08 -0.8528079390525818 0.5161522626876831 -0.0794094055891037 6.774661540985107 0.0 0.0 0.0 1.0 1039.2304845413266 0.0 600.0 0.0 1039.2304845413266 600.0 0.0 0.0 1.0 1200 1200
0.5253972411155701 0.8303285837173462 0.18577495217323303 0.0 0.18682561814785004 0.10043033212423325 -0.977246105670929 0.0 -0.8300927877426147 0.5481499433517456 -0.1023607924580574 6.774661064147949 0.0 0.0 0.0 1.0 1039.2304845413266 0.0 600.0 0.0 1039.2304845413266 600.0 0.0 0.0 1.0 1200 1200
0.5274059772491455 0.8287656903266907 0.18705812096595764 3.346566472828272e-07 0.18925653398036957 0.10003650188446045 -0.9768187999725342 4.039486611873144e-08 -0.8282663226127625 0.5505819320678711 -0.10408943891525269 6.774661064147949 0.0 0.0 0.0 1.0 1039.2304845413266 0.0 600.0 0.0 1039.2304845413266 600.0 0.0 0.0 1.0 1200 1200
0.533582866191864 0.8241801857948303 0.18977995216846466 9.579173898544013e-09 0.19407324492931366 0.09908682852983475 -0.9759699106216431 -4.926224050905148e-08 -0.8231799006462097 0.55759197473526 -0.10708026587963104 6.774661540985107 0.0 0.0 0.0 1.0 1039.2304845413266 0.0 600.0 0.0 1039.2304845413266 600.0 0.0 0.0 1.0 1200 1200
0.5373507142066956 0.8208536505699158 0.19352959096431732 0.0 0.20136456191539764 0.0979609489440918 -0.9746056199073792 0.0 -0.818966805934906 0.5626749396324158 -0.11265140026807785 6.774661540985107 0.0 0.0 0.0 1.0 1039.2304845413266 0.0 600.0 0.0 1039.2304845413266 600.0 0.0 0.0 1.0 1200 1200
0.5393198728561401 0.8192520141601562 0.1948348879814148 0.0 0.20377665758132935 0.09752462804317474 -0.9741476774215698 0.0 -0.8170735836029053 0.565079927444458 -0.1143474280834198 6.774661540985107 0.0 0.0 0.0 1.0 1039.2304845413266 0.0 600.0 0.0 1039.2304845413266 600.0 0.0 0.0 1.0 1200 1200
0.5414825677871704 0.8177881836891174 0.1949853152036667 0.0 0.2037365585565567 0.09737160801887512 -0.9741714596748352 0.0 -0.8156520128250122 0.567222535610199 -0.11388825625181198 6.774661540985107 0.0 0.0 0.0 1.0 1039.2304845413266 0.0 600.0 0.0 1039.2304845413266 600.0 0.0 0.0 1.0 1200 1200
0.5412822365760803 0.8176437616348267 0.1961439698934555 3.2026517260419496e-07 0.20618553459644318 0.0970812663435936 -0.9736851453781128 8.834845033334204e-08 -0.8151693344116211 0.5674805641174316 -0.11603793501853943 6.774661064147949 0.0 0.0 0.0 1.0 1039.2304845413266 0.0 600.0 0.0 1039.2304845413266 600.0 0.0 0.0 1.0 1200 1200
0.5410798192024231 0.8174989819526672 0.1973021924495697 0.0 0.2086331844329834 0.09679008275270462 -0.9731926321983337 0.0 -0.8146808743476868 0.5677385926246643 -0.11818622797727585 6.774661540985107 0.0 0.0 0.0 1.0 1039.2304845413266 0.0 600.0 0.0 1039.2304845413266 600.0 0.0 0.0 1.0 1200 1200
0.5400373935699463 0.8167715072631836 0.2030870020389557 -3.298133890439203e-07 0.22085070610046387 0.09532216191291809 -0.9706382155418396 -3.849121199550609e-08 -0.8121481537818909 0.5690326690673828 -0.1289069950580597 6.774661540985107 0.0 0.0 0.0 1.0 1039.2304845413266 0.0 600.0 0.0 1039.2304845413266 600.0 0.0 0.0 1.0 1200 1200
0.5370092391967773 0.817651093006134 0.20752820372581482 -2.095003992508282e-08 0.23064805567264557 0.09432089328765869 -0.968454897403717 9.77658345391319e-08 -0.811432421207428 0.5679352879524231 -0.13793842494487762 6.774661540985107 0.0 0.0 0.0 1.0 1039.2304845413266 0.0 600.0 0.0 1039.2304845413266 600.0 0.0 0.0 1.0 1200 1200
0.5344028472900391 0.8188177943229675 0.20964518189430237 -2.1163748087360545e-08 0.23556536436080933 0.09392200410366058 -0.9673094153404236 9.765019370888695e-08 -0.8117404580116272 0.5663179755210876 -0.1426929384469986 6.774661064147949 0.0 0.0 0.0 1.0 1039.2304845413266 0.0 600.0 0.0 1039.2304845413266 600.0 0.0 0.0 1.0 1200 1200
0.5291608572006226 0.8211343884468079 0.21383900940418243 0.0 0.24539001286029816 0.09315246343612671 -0.9649384021759033 0.0 -0.8122639060020447 0.563081681728363 -0.15220552682876587 6.774661540985107 0.0 0.0 0.0 1.0 1039.2304845413266 0.0 600.0 0.0 1039.2304845413266 600.0 0.0 0.0 1.0 1200 1200
0.5188080072402954 0.8258479833602905 0.2209380567073822 -2.2303765945252962e-08 0.2625766396522522 0.09201125800609589 -0.9605141282081604 9.696420733007471e-08 -0.8135675191879272 0.55633544921875 -0.1691121906042099 6.774661064147949 0.0 0.0 0.0 1.0 1039.2304845413266 0.0 600.0 0.0 1039.2304845413266 600.0 0.0 0.0 1.0 1200 1200
0.5063969492912292 0.8320239782333374 0.22649137675762177 0.0 0.2773645222187042 0.09153418242931366 -0.956394374370575 0.0 -0.816474974155426 0.5471358895301819 -0.18442131578922272 6.774661540985107 0.0 0.0 0.0 1.0 1039.2304845413266 0.0 600.0 0.0 1039.2304845413266 600.0 0.0 0.0 1.0 1200 1200
0.49463802576065063 0.8385093212127686 0.22855128347873688 0.0 0.2848967909812927 0.09200550615787506 -0.9541324973106384 0.0 -0.8210768103599548 0.537063717842102 -0.19337913393974304 6.774661540985107 0.0 0.0 0.0 1.0 1039.2304845413266 0.0 600.0 0.0 1039.2304845413266 600.0 0.0 0.0 1.0 1200 1200
0.4852725863456726 0.8436566591262817 0.22968262434005737 -2.3186535358377114e-08 0.2899540364742279 0.09254790097475052 -0.9525552988052368 9.616076823704134e-08 -0.8248862624168396 0.5288465023040771 -0.1997106820344925 6.774661540985107 0.0 0.0 0.0 1.0 1039.2304845413266 0.0 600.0 0.0 1039.2304845413266 600.0 0.0 0.0 1.0 1200 1200
0.4636247158050537 0.8546885251998901 0.23358036577701569 0.0 0.30492618680000305 0.09361054003238678 -0.9477642178535461 0.0 -0.8319088220596313 0.5106317400932312 -0.21721673011779785 6.774661540985107 0.0 0.0 0.0 1.0 1039.2304845413266 0.0 600.0 0.0 1039.2304845413266 600.0 0.0 0.0 1.0 1200 1200
0.4566134810447693 0.8584113717079163 0.2337396889925003 0.0 0.3075047433376312 0.0942549854516983 -0.9468668699264526 0.0 -0.8348322510719299 0.5042282342910767 -0.220927432179451 6.774661540985107 0.0 0.0 0.0 1.0 1039.2304845413266 0.0 600.0 0.0 1039.2304845413266 600.0 0.0 0.0 1.0 1200 1200
0.4473108649253845 0.8633434772491455 0.23356255888938904 0.0 0.3101370632648468 0.09521357715129852 -0.9459118247032166 0.0 -0.8388850688934326 0.49555301666259766 -0.22516469657421112 6.774661540985107 0.0 0.0 0.0 1.0 1039.2304845413266 0.0 600.0 0.0 1039.2304845413266 600.0 0.0 0.0 1.0 1200 1200
0.4283091723918915 0.8727828860282898 0.2340971678495407 2.363218420953217e-08 0.3177891671657562 0.09702827781438828 -0.9431837201118469 -9.521470190065884e-08 -0.8459087014198303 0.4783676862716675 -0.2358028143644333 6.774661540985107 0.0 0.0 0.0 1.0 1039.2304845413266 0.0 600.0 0.0 1039.2304845413266 600.0 0.0 0.0 1.0 1200 1200
0.409134179353714 0.881849467754364 0.23441627621650696 1.7804596552650764e-07 0.32541513442993164 0.09899727255105972 -0.9403746128082275 1.9987611565852603e-08 -0.8524753451347351 0.46102192997932434 -0.24646398425102234 6.774661064147949 0.0 0.0 0.0 1.0 1039.2304845413266 0.0 600.0 0.0 1039.2304845413266 600.0 0.0 0.0 1.0 1200 1200
0.39263924956321716 0.8897045254707336 0.2329389750957489 0.0 0.32816269993782043 0.10107437521219254 -0.9391980767250061 0.0 -0.8591528534889221 0.4452079236507416 -0.2522819936275482 6.774661540985107 0.0 0.0 0.0 1.0 1039.2304845413266 0.0 600.0 0.0 1039.2304845413266 600.0 0.0 0.0 1.0 1200 1200
0.37131860852241516 0.8994089961051941 0.23062148690223694 -1.815912611391468e-07 0.3309747874736786 0.1038510724902153 -0.9379075765609741 -2.096759921244029e-08 -0.8675126433372498 0.42459237575531006 -0.2591198682785034 6.774661540985107 0.0 0.0 0.0 1.0 1039.2304845413266 0.0 600.0 0.0 1039.2304845413266 600.0 0.0 0.0 1.0 1200 1200
0.3524167835712433 0.9077416658401489 0.22761306166648865 -3.205920222626446e-07 0.3313017189502716 0.10645219683647156 -0.9375004768371582 -2.322674959032156e-07 -0.8752381205558777 0.4057994484901428 -0.26322081685066223 6.774661540985107 0.0 0.0 0.0 1.0 1039.2304845413266 0.0 600.0 0.0 1039.2304845413266 600.0 0.0 0.0 1.0 1200 1200
0.3304853141307831 0.9163704514503479 0.22593136131763458 4.561568900385282e-08 0.33644235134124756 0.10927245020866394 -0.9353426098823547 -1.8884627195348003e-07 -0.8818085193634033 0.38512998819351196 -0.2721927762031555 6.774661540985107 0.0 0.0 0.0 1.0 1039.2304845413266 0.0 600.0 0.0 1039.2304845413266 600.0 0.0 0.0 1.0 1200 1200
0.30862265825271606 0.9246323704719543 0.22317518293857574 0.0 0.33913347125053406 0.11224496364593506 -0.9340180158615112 0.0 -0.8886735439300537 0.36394524574279785 -0.2789324223995209 6.774661540985107 0.0 0.0 0.0 1.0 1039.2304845413266 0.0 600.0 0.0 1039.2304845413266 600.0 0.0 0.0 1.0 1200 1200
0.2965337336063385 0.9290755391120911 0.2211027592420578 0.0 0.33927199244499207 0.11393262445926666 -0.9337632656097412 0.0 -0.8927273154258728 0.35190632939338684 -0.2814244329929352 6.774661540985107 0.0 0.0 0.0 1.0 1039.2304845413266 0.0 600.0 0.0 1039.2304845413266 600.0 0.0 0.0 1.0 1200 1200
0.28682491183280945 0.9325156211853027 0.21942318975925446 -1.439738213093733e-07 0.3393722176551819 0.11528446525335312 -0.933560848236084 -2.1176256836952234e-07 -0.8958560824394226 0.3422345817089081 -0.2834033668041229 6.774661540985107 0.0 0.0 0.0 1.0 1039.2304845413266 0.0 600.0 0.0 1039.2304845413266 600.0 0.0 0.0 1.0 1200 1200
0.2722008228302002 0.9374833703041077 0.21686799824237823 4.378578921659937e-08 0.33950483798980713 0.11731481552124023 -0.9332596659660339 -1.8842573012989305e-07 -0.9003572463989258 0.3276617228984833 -0.2863469421863556 6.774661540985107 0.0 0.0 0.0 1.0 1039.2304845413266 0.0 600.0 0.0 1039.2304845413266 600.0 0.0 0.0 1.0 1200 1200
0.2673105299472809 0.9390880465507507 0.2160068303346634 -1.8960248837629479e-07 0.3395443558692932 0.11799228191375732 -0.9331599473953247 -2.382271802048308e-08 -0.9018065333366394 0.3227872848510742 -0.28732141852378845 6.774661540985107 0.0 0.0 0.0 1.0 1039.2304845413266 0.0 600.0 0.0 1039.2304845413266 600.0 0.0 0.0 1.0 1200 1200
0.2599610686302185 0.9414466619491577 0.2147061824798584 4.3349317024876655e-08 0.3395991325378418 0.11900904774665833 -0.9330108165740967 -1.8837549475847482e-07 -0.9039319157600403 0.3154604732990265 -0.288776695728302 6.774661540985107 0.0 0.0 0.0 1.0 1039.2304845413266 0.0 600.0 0.0 1039.2304845413266 600.0 0.0 0.0 1.0 1200 1200
0.2476751059293747 0.945248544216156 0.21251501142978668 -1.9084629343524284e-07 0.3396786153316498 0.12070521712303162 -0.9327639937400818 -2.4370461204625826e-08 -0.9073453545570374 0.3032091557979584 -0.2911849617958069 6.774661540985107 0.0 0.0 0.0 1.0 1039.2304845413266 0.0 600.0 0.0 1039.2304845413266 600.0 0.0 0.0 1.0 1200 1200
0.23802538216114044 0.9482953548431396 0.20995275676250458 1.490718517516143e-07 0.3373185694217682 0.12199833989143372 -0.9334518909454346 2.1309610076514218e-07 -0.9108020067214966 0.29300618171691895 -0.29083889722824097 6.774661540985107 0.0 0.0 0.0 1.0 1039.2304845413266 0.0 600.0 0.0 1039.2304845413266 600.0 0.0 0.0 1.0 1200 1200
0.22338393330574036 0.9526048898696899 0.20650379359722137 0.0 0.33496397733688354 0.12393207848072052 -0.9340449571609497 0.0 -0.9153681993484497 0.27782195806503296 -0.2914038896560669 6.774661540985107 0.0 0.0 0.0 1.0 1039.2304845413266 0.0 600.0 0.0 1039.2304845413266 600.0 0.0 0.0 1.0 1200 1200
0.19908912479877472 0.9594075083732605 0.19975246489048004 1.533748275051039e-07 0.3277566730976105 0.12690690159797668 -0.9361998438835144 2.1464192911935243e-07 -0.923547089099884 0.2518573999404907 -0.2891864478588104 6.774661064147949 0.0 0.0 0.0 1.0 1039.2304845413266 0.0 600.0 0.0 1039.2304845413266 600.0 0.0 0.0 1.0 1200 1200
0.17925085127353668 0.9642024636268616 0.19540460407733917 3.9452316968890955e-08 0.32533344626426697 0.12935175001621246 -0.9367101788520813 -1.891223888605964e-07 -0.9284543395042419 0.2314777821302414 -0.29050081968307495 6.774661540985107 0.0 0.0 0.0 1.0 1039.2304845413266 0.0 600.0 0.0 1039.2304845413266 600.0 0.0 0.0 1.0 1200 1200
0.15949290990829468 0.9686760902404785 0.19033880531787872 0.0 0.3204439580440521 0.1315668821334839 -0.9380863308906555 0.0 -0.9337440729141235 0.21061104536056519 -0.2894223928451538 6.774661540985107 0.0 0.0 0.0 1.0 1039.2304845413266 0.0 600.0 0.0 1039.2304845413266 600.0 0.0 0.0 1.0 1200 1200
0.1245940551161766 0.9753980040550232 0.18186643719673157 0.0 0.3130068778991699 0.13529600203037262 -0.9400647878646851 0.0 -0.9415429830551147 0.17405182123184204 -0.28844913840293884 6.774661540985107 0.0 0.0 0.0 1.0 1039.2304845413266 0.0 600.0 0.0 1039.2304845413266 600.0 0.0 0.0 1.0 1200 1200
0.09724016487598419 0.9798932671546936 0.17422360181808472 -9.8920544644443e-08 0.3030788004398346 0.1375846266746521 -0.9429813027381897 -1.388921244682706e-08 -0.9479914903640747 0.14449910819530487 -0.2836061120033264 6.774661540985107 0.0 0.0 0.0 1.0 1039.2304845413266 0.0 600.0 0.0 1039.2304845413266 600.0 0.0 0.0 1.0 1200 1200
0.08207882940769196 0.981876015663147 0.17082934081554413 -9.912070453310662e-08 0.3005177676677704 0.13904613256454468 -0.9435863494873047 -1.4036752205015546e-08 -0.950238049030304 0.12878572940826416 -0.2836584746837616 6.774661540985107 0.0 0.0 0.0 1.0 1039.2304845413266 0.0 600.0 0.0 1039.2304845413266 600.0 0.0 0.0 1.0 1200 1200
0.016495872288942337 0.9878981113433838 0.15422563254833221 3.113825641776202e-08 0.28026676177978516 0.14349450170993805 -0.9491363763809204 -1.9163124420629174e-07 -0.9597804546356201 0.058881111443042755 -0.27450793981552124 6.774661540985107 0.0 0.0 0.0 1.0 1039.2304845413266 0.0 600.0 0.0 1039.2304845413266 600.0 0.0 0.0 1.0 1200 1200
-0.003731530625373125 0.988832950592041 0.14898158609867096 3.0079480239919576e-08 0.2726593017578125 0.14434374868869781 -0.9512211084365845 -1.920521555121013e-07 -0.9621034264564514 0.03707170858979225 -0.27015310525894165 6.774661540985107 0.0 0.0 0.0 1.0 1039.2304845413266 0.0 600.0 0.0 1039.2304845413266 600.0 0.0 0.0 1.0 1200 1200
-0.04696514084935188 0.9892110228538513 0.13876643776893616 0.0 0.2597932517528534 0.1462353765964508 -0.9545273780822754 0.0 -0.9645217061042786 -0.008778946474194527 -0.26385828852653503 6.774661540985107 0.0 0.0 0.0 1.0 1039.2304845413266 0.0 600.0 0.0 1039.2304845413266 600.0 0.0 0.0 1.0 1200 1200
-0.12593194842338562 0.9845939874649048 0.12130965292453766 0.0 0.23890714347362518 0.14878413081169128 -0.9595762491226196 0.0 -0.9628418684005737 -0.09185958653688431 -0.2539631724357605 6.774661540985107 0.0 0.0 0.0 1.0 1039.2304845413266 0.0 600.0 0.0 1039.2304845413266 600.0 0.0 0.0 1.0 1200 1200
-0.17408084869384766 0.9784863591194153 0.11072752624750137 1.099564883588755e-07 0.22337959706783295 0.14875176548957825 -0.9633143544197083 -8.223035763421649e-08 -0.959060788154602 -0.1429603099822998 -0.24446867406368256 6.774661540985107 0.0 0.0 0.0 1.0 1039.2304845413266 0.0 600.0 0.0 1039.2304845413266 600.0 0.0 0.0 1.0 1200 1200
